---
  version:
    config: 1360357097
    puppet: "3.1.0-rc2"
  events:
    failure: 0
    success: 0
    total: 0
  resources:
    skipped: 6
    scheduled: 0
    restarted: 0
    failed_to_restart: 0
    out_of_sync: 0
    failed: 0
    total: 37
    changed: 0
  time:
    file: 1.370408
    filebucket: 0.00017
    config_retrieval: 1.68599104881287
    service: 0.826935
    total: 4.03692904881286
    package: 0.025193
    exec: 0.128232
    last_run: 1360357891
  changes:
    total: 0